30.76
30.27
30.27
30.27
31.25
30.27
30.27
30.76
30.27
29.79
29.79
30.27
29.79
30.27
30.27
30.27
29.79
31.74
39.06
54.2
50.78
44.92
41.5
40.53
39.55
39.55
38.57
38.57
39.06
39.06
38.09
37.6
37.6
37.6
37.6
38.09
38.09
38.09
36.62
37.6
36.62
38.09
37.11
37.11
37.11
36.62
36.13
36.13
36.13
36.13
35.64
36.62
36.62
36.13
35.64
36.62
35.64
36.13
35.64
35.64
35.64
35.16
35.16
34.18
34.18
34.18
35.16
34.67
34.67
35.16
34.67
34.18
33.69
34.18
34.18
34.18
33.69
33.69
33.69
33.69
33.69
34.18
34.18
34.18
34.18
34.18
34.18
33.69
33.2
33.2
33.69
33.69
32.71
33.2
32.71
32.71
33.2
32.23
33.2
32.23
33.2
32.71
20.02
20.51
19.53
19.53
20.02
20.02
20.02
20.51
20.02
20.51
20.51
19.53
20.51
19.53
20.02
19.53
20.02
20.51
20.51
20.02
20.02
20.02
20.02
20.51
22.95
26.37
30.27
33.2
34.67
37.11
37.11
38.57
39.06
24.41
24.9
24.41
24.41
24.9
24.9
23.44
24.41
23.93
23.93
24.9
24.41
23.93
24.41
24.41
24.9
24.41
24.41
25.39
27.83
31.74
32.71
34.18
38.09
39.06
41.02
39.55
39.55
39.06
39.06
39.55
39.06
38.57
38.57
38.57
38.09
38.09
38.57
38.57
39.06
39.06
38.57
38.57
38.57
38.57
38.57
38.57
38.09
38.57
39.55
33.69
33.69
33.2
32.71
32.71
33.2
32.71
32.71
32.71
34.18
35.64
38.09
39.06
24.41
24.41
24.41
24.9
24.9
24.9
24.41
24.41
24.9
24.41
24.9
24.41
25.39
28.81
30.76
33.2
35.64
35.16
35.16
35.16
35.64
34.67
34.67
35.64
37.11
23.93
25.39
24.41
25.39
24.41
23.93
24.9
24.9
24.41
24.41
24.9
25.39
24.9
25.39
24.41
23.93
24.41
24.41
23.93
25.39
25.39
24.41
25.88
25.39
25.39
24.41
24.41
24.9
24.9
25.39
24.9
25.88
24.9
24.9
23.93
24.41
23.93
24.41
23.93
23.93
23.93
23.93
23.44
23.93
23.44
24.41
24.9
24.41
23.93
23.44
23.93
24.41
23.93
24.9
24.41
24.41
23.93
23.93
24.41
24.9
23.44
23.93
24.9
23.93
23.93
24.41
24.9
24.9
24.41
24.41
24.9
24.9
24.41
23.93
23.93
24.41
24.41
24.41
24.41
24.41
24.9
24.41
24.41
24.9
24.41
24.9
24.9
24.41
24.9
24.41
24.41
25.39
24.41
24.9
24.9
25.39
24.9
24.41
25.39
25.39
24.41
24.9
24.9
25.39
24.9
25.39
25.39
24.9
25.39
24.41
24.41
24.9
24.9
25.39
24.41
24.9
24.9
24.41
24.41
23.93
25.39
24.9
24.9
25.39
24.41
24.9
24.9
24.9
24.9
24.41
24.41
24.9
24.41
24.41
24.41
23.93
24.41
24.41
25.39
24.41
23.93
24.41
25.39
24.41
24.9
24.41
24.9
24.41
24.9
24.9
24.9
24.41
24.9
24.41
25.39
24.9
24.41
24.9
24.41
24.41
24.9
25.39
24.41
24.9
24.41
24.9
24.9
25.39
24.9
24.41
24.9
24.9
25.39
24.41
24.41
24.9
25.39
25.88
25.88
25.39
23.93
24.41
24.41
24.9
24.9
25.39
25.39
25.39
25.39
24.9
24.9
24.41
24.41
25.39
25.39
24.41
24.9
24.9
25.39
24.9
24.41
24.41
24.9
24.9
24.9
23.93
24.9
24.9
25.39
24.9
24.9
24.41
23.93
25.39
24.9
25.39
24.9
24.9
23.93
24.41
25.39
24.9
25.39
24.9
25.39
25.39
25.39
26.86
31.25
35.64
38.57
43.95
38.09
38.09
37.6
37.6
37.11
37.11
37.11
36.13
35.64
36.13
36.62
35.64
35.64
35.16
35.64
35.16
34.67
34.18
34.18
34.67
34.67
34.67
34.18
33.69
33.69
34.67
34.67
34.18
33.69
33.69
33.2
33.69
33.69
33.69
33.69
33.2
33.2
32.71
32.71
32.71
33.69
32.71
33.2
32.23
32.23
32.23
32.71
32.23
32.71
32.23
33.2
32.23
32.23
32.71
32.23
31.74
32.23
31.25
31.74
32.23
32.23
32.23
31.74
32.23
32.23
32.23
31.25
31.74
31.25
31.74
32.23
31.74
31.25
31.74
31.74
31.74
31.25
31.25
31.74
31.25
31.25
31.74
30.27
31.25
31.25
31.25
30.76
30.76
31.25
31.25
30.76
30.76
30.76
31.25
30.76
30.76
31.25
30.76
31.25
30.76
30.76
30.76
30.76
29.79
30.76
30.76
30.27
30.27
30.27
29.79
30.27
29.79
30.76
30.27
30.27
30.76
30.76
30.76
30.27
30.76
30.27
29.79
30.27
30.76
30.27
30.27
30.27
30.27
30.27
29.3
30.27
29.79
29.79
30.27
29.79
29.79
29.79
30.27
29.79
30.27
29.79
29.79
30.27
29.79
30.27
29.79
29.79
28.81
29.79
29.79
29.79
29.3
29.3
29.3
29.3
29.3
28.81
29.79
29.3
29.79
29.3
29.3
29.3
29.3
29.3
29.79
31.74
33.69
37.6
41.5
32.71
32.23
32.23
32.23
32.23
32.23
32.23
32.71
32.23
32.23
32.71
32.23
32.23
32.23
31.74
32.71
31.74
32.71
32.23
31.74
32.71
32.71
32.23
33.2
32.23
32.23
32.23
32.23
32.71
32.23
32.71
33.2
32.23
32.23
31.74
31.74
32.23
32.23
32.23
31.74
31.74
30.76
32.71
31.25
32.23
31.74
31.74
32.23
31.25
31.74
31.25
31.74
31.25
32.23
31.74
31.74
31.74
31.25
31.74
30.76
31.74
30.27
31.25
30.27
30.27
29.79
30.76
30.76
30.76
30.76
31.25
31.25
31.25
29.79
31.25
33.69
36.13
38.09
37.11
37.6
37.11
37.6
38.57
33.2
33.2
33.69
32.23
32.71
32.71
33.2
32.71
33.2
32.71
32.23
32.71
32.23
32.71
33.2
32.71
33.2
32.71
31.74
32.71
33.2
33.2
32.71
33.2
32.71
32.71
33.2
32.71
32.71
32.23
32.71
32.71
33.2
32.71
32.71
32.71
33.2
33.2
33.69
32.71
32.71
32.71
32.23
32.71
32.23
32.23
32.23
32.71
33.2
32.71
32.23
31.74
32.71
32.23
32.23
32.23
32.23
32.23
32.23
32.23
31.74
32.71
32.23
32.23
32.23
32.71
31.74
31.74
32.71
32.23
32.23
32.23
32.23
32.23
31.74
32.23
32.23
32.23
31.25
31.74
31.25
31.74
30.76
31.25
31.74
31.25
31.74
32.23
31.25
31.74
31.25
31.25
31.74
31.74
31.74
31.74
31.74
31.25
31.25
31.25
30.76
31.25
31.74
31.25
31.74
31.25
31.74
30.76
31.25
31.74
31.25
31.74
32.23
31.25
30.76
31.25
31.25
31.25
31.25
31.25
30.76
31.25
30.76
30.76
31.25
31.25
30.76
30.76
31.74
30.76
31.74
30.76
30.76
31.25
31.25
31.25
31.25
31.25
30.76
30.76
31.25
30.27
30.76
31.25
30.76
34.67
39.55
36.13
34.67
33.69
33.69
34.18
34.18
34.18
33.69
34.18
34.18
34.18
33.2
33.69
33.69
33.69
33.69
33.69
34.18
34.18
33.2
33.2
33.69
33.2
33.2
33.2
33.2
33.2
33.2
33.2
32.71
33.69
33.69
33.2
32.71
32.71
32.71
32.23
32.23
32.71
32.71
32.71
32.23
32.71
32.71
32.71
33.2
33.2
32.71
32.71
33.2
33.2
32.23
32.71
33.2
33.2
33.2
32.23
33.2
32.71
32.71
33.2
32.71
32.71
32.71
33.2
32.71
32.71
33.2
32.23
32.23
32.23
32.23
32.71
32.71
32.23
32.23
32.23
33.2
32.23
33.2
32.23
31.74
31.74
32.71
31.25
31.74
31.25
31.74
31.74
32.23
32.23
32.23
32.23
31.74
31.74
32.23
32.23
32.23
31.74
31.74
31.74
32.23
32.23
31.74
31.74
31.74
31.74
31.74
32.23
32.23
31.25
32.23
31.25
31.74
31.25
31.74
31.74
30.76
31.74
31.25
31.74
31.74
31.25
31.74
31.25
31.25
31.25
31.25
31.74
31.25
31.25
31.25
31.25
31.74
30.76
31.25
31.25
31.25
31.25
31.74
31.25
30.76
30.76
30.76
31.74
31.25
31.74
31.74
31.25
31.25
31.25
30.76
31.25
30.76
31.25
30.76
31.25
30.76
31.25
30.27
30.76
30.27
30.76
29.79
30.76
29.79
30.76
30.27
30.76
30.27
30.27
30.27
30.27
30.27
30.76
29.79
29.79
30.27
30.76
30.76
30.27
30.27
30.27
29.79
30.27
30.27
30.27
29.79
29.79
29.79
29.79
29.79
33.2
37.6
38.09
31.25
31.25
32.23
32.23
30.76
31.74
31.25
31.74
30.76
30.76
30.76
31.25
30.76
31.25
33.69
36.13
36.62
36.62
36.62
36.62
36.13
36.62
36.62
36.62
36.13
35.64
36.13
35.64
35.64
36.62
35.64
35.64
35.64
35.64
35.64
35.64
35.16
34.67
35.16
34.67
35.16
34.67
35.16
34.67
35.16
35.16
34.18
35.16
28.32
28.32
27.83
28.32
27.83
28.32
28.32
27.83
28.81
32.23
31.74
31.74
35.16
37.11
37.11
35.64
